2 0.0451153 0.000738148 0.0418214 0.00123097 2
4 0.0613348 0.000944204 0.0575437 0.00039533 4
6 0.0821072 0.00118909 0.0738564 0.00147419 7
8 0.113564 0.000558797 0.0971343 0.000933191 10
10 0.149714 0.00174656 0.130917 0.00116727 12
12 0.190629 0.0020785 0.165735 0.00182435 15
14 0.220593 0.00122593 0.209333 0.00107302 18
16 0.248379 0.00223218 0.256558 0.00125666 21
18 0.285114 0.00283356 0.30125 0.00210065 24
20 0.305723 0.00222605 0.356555 0.00148873 27
22 0.336683 0.00371307 0.422698 0.00201003 30
24 0.366224 0.00273141 0.485103 0.00736959 33
26 0.396255 0.00274477 0.558241 0.00128869 36
28 0.427508 0.00830476 0.632243 0.00279549 39
30 0.450581 0.00220988 0.721622 0.00120605 42
32 0.48197 0.00671974 0.813077 0.00179144 45
34 0.51335 0.00264103 0.911482 0.0010995 48
36 0.543691 0.0108953 1.01156 0.00161168 51
38 0.57073 0.00217044 1.12854 0.00200868 54
40 0.593865 0.00337616 1.25067 0.00296365 57
42 0.630546 0.00297234 1.38568 0.0136552 59
44 0.664095 0.00175995 1.53969 0.0505857 62
46 0.686532 0.00149658 1.65533 0.00166043 65
48 0.714432 0.00620334 1.8046 0.00597506 68
50 0.74054 0.00216681 1.97315 0.0133234 71
52 0.778514 0.00942101 2.14809 0.0546341 74
54 0.801484 0.00206535 2.29904 0.00173007 77
56 0.829076 0.00242892 2.47272 0.00271236 80
58 0.860845 0.00289814 2.66146 0.00232799 83
60 0.892064 0.00272721 2.85113 0.00203355 86
62 0.923982 0.00260122 3.09472 0.0638498 89
