0 0 0 0 0
2 47.1698113207 0.00113964 50.6329113924 0.000494662
4 55.8659217877 0.00355523 66.7779632721 0.000976939
6 69.8602794411 0.00473861 75.8396533044 0.00352222
8 72.7802037845 0.00665475 89.4454382826 0.00176429
10 64.7948164146 0.00144637 76.3358778625 0.00475551
12 65.4450261780 0.00452797 71.0900473933 0.0105292
14 63.9658848614 0.0140442 72.1442885771 0.00270285
16 66.8789808917 0.00238572 66.8576886341 0.00297169
18 69.9300699300 0.00217562 64.5508337816 0.00314552
20 68.9655172413 0.010137 58.0895008605 0.0228748
22 72.0461095100 0.00379628 57.5926281435 0.0186538
24 72.2100656455 0.00384821 54.8537234042 0.00317829
26 71.8132854578 0.016394 50.5973295853 0.0341698
28 71.2458896602 0.021608 49.2362075495 0.0225173
30 74.6136081009 0.00686381 44.6476028489 0.0447096
32 72.4871134020 0.0284063 42.5854074003 0.042636
34 75.5429650613 0.00418776 40.7885791978 0.0552747
36 70.7350901525 0.0267806 38.8393877084 0.0475415
38 74.2676385641 0.0178664 37.7860191729 0.0517384
40 75.2375923970 0.00339057 36.2526235451 0.0480145
42 72.1095086775 0.0347744 32.7595780122 0.0828052
44 74.8611446510 0.0189295 29.4173467451 0.088541
46 73.2229356764 0.0301988 30.5250305250 0.0966724
48 74.4797371303 0.0292032 26.6436799623 0.120877
50 71.4213861784 0.0487413 25.9854335175 0.130508
52 71.3803414681 0.0405258 24.6666666666 0.138811
54 73.5294117647 0.0334017 25.7026503771 0.120942
56 75.7288905717 0.0136744 24.4528670986 0.162062
58 71.8303764604 0.0562061 23.9905194091 0.156561
60 72.5738396624 0.0458532 23.0112648168 0.18038
62 72.4283854166 0.0516456 22.8509807949 0.0759205
