2 0.0528007 0.00061106 0.0527848 0.00169461 2
4 0.0825579 0.0008528 0.0729358 0.00120472 4
6 0.116062 0.00103751 0.104169 0.000901559 7
8 0.160081 0.00540949 0.150439 0.0018436 10
10 0.198742 0.00198424 0.208427 0.00923002 12
12 0.248985 0.00203772 0.292003 0.00125088 15
14 0.289983 0.00116244 0.376464 0.00298379 18
16 0.342356 0.013314 0.479574 0.00267591 21
18 0.372278 0.00150469 0.599282 0.0027583 24
20 0.415128 0.00139116 0.738701 0.00995671 27
22 0.465667 0.002548 0.916579 0.00288942 30
24 0.508696 0.00177439 1.07235 0.00520214 33
26 0.552129 0.00217705 1.26335 0.00620913 36
28 0.593487 0.00235513 1.47887 0.00869153 39
30 0.640545 0.0079727 1.69488 0.00928111 42
32 0.685048 0.00146855 1.94084 0.00782974 45
34 0.723388 0.00285753 2.20045 0.0133607 48
36 0.763921 0.00196294 2.49502 0.0134933 51
38 0.811107 0.00180213 2.79673 0.0145841 54
40 0.855275 0.00179991 3.12134 0.0151128 57
42 0.901888 0.00337232 3.48081 0.0193257 59
44 0.939157 0.00227221 3.8518 0.0147555 62
46 0.984435 0.00194886 4.25632 0.015733 65
48 1.03421 0.00953864 4.6572 0.0226624 68
50 1.08028 0.00100649 5.10024 0.0560533 71
52 1.12178 0.00241808 5.53259 0.0229399 74
54 1.1692 0.00204467 6.02292 0.0182891 77
56 1.2057 0.0021989 6.503 0.0161838 80
58 1.25145 0.00752487 7.03116 0.0166126 83
60 1.30664 0.002324 7.59832 0.0352054 86
62 1.33228 0.00815742 8.1446 0.0209043 89
64 1.35506 0.00566964 8.28186 0.0637628 92
66 1.4066 0.00838693 8.9457 0.0363243 95
