0 0 0 0 0
2 37.8787878787 0.00061106 37.9506641366 0.00169461
4 48.4848484848 0.0008528 54.8696844993 0.00120472
6 60.3448275862 0.00103751 67.2430355427 0.000901559
8 62.5000000000 0.00540949 66.4893617021 0.0018436
10 60.3925515853 0.00198424 57.5815738963 0.00923002
12 60.2651667336 0.00203772 51.3698630136 0.00125088
14 62.0903759917 0.00116244 47.8214665249 0.00298379
16 61.3496932515 0.013314 43.7956204379 0.00267591
18 64.4814615797 0.00150469 40.0534045393 0.0027583
20 65.0445675740 0.00139116 36.5506971707 0.00995671
22 64.4329896907 0.002548 32.7332242225 0.00288942
24 64.8839952811 0.00177439 30.7749696913 0.00520214
26 65.2055786995 0.00217705 28.4967941106 0.00620913
28 65.7229524772 0.00235513 26.3727346497 0.00869153
30 65.5737704918 0.0079727 24.7816851545 0.00928111
32 65.6934306569 0.00146855 23.1863149216 0.00782974
34 66.3625051845 0.00285753 21.8142155971 0.0133607
36 66.7626652703 0.00196294 20.4408817635 0.0134933
38 66.5762544692 0.00180213 19.3084706976 0.0145841
40 66.6510757717 0.00179991 18.2616217601 0.0151128
42 65.4247061432 0.00337232 16.9501264077 0.0193257
44 66.0206580768 0.00227221 16.0963705280 0.0147555
46 66.0300690776 0.00194886 15.2714799238 0.015733
48 65.7513053567 0.00953864 14.6010478399 0.0226624
50 65.7285687835 0.00100649 13.9210227049 0.0560533
52 65.9712935722 0.00241808 13.3755083596 0.0229399
54 65.8569962367 0.00204467 12.7845390094 0.0182891
56 66.3514970556 0.0021989 12.3020144548 0.0161838
58 66.3257151989 0.00752487 11.8046962779 0.0166126
60 65.8196846777 0.002324 11.3183212034 0.0352054
62 66.8067857679 0.00815742 10.9274856960 0.0209043
64 67.8966789667 0.00566964 11.1086961771 0.0637628
66 67.5387459121 0.00838693 10.6196273069 0.0363243
